30000000000100010000100000000000000000000000000100000000010000000000100100000000010000000100022222200001000000010000000000110000000000000000
00010010001001000000000010000100001000000000000220100000001000000000000000000000000000100010022222220001100000000000010000000100000000000001
01000000000000010010100000000001100000000000022220000100010000000000010000100000010000000000010102220000000000000000000100000000000000000010
00001000000010000100001000000000100010000000022220002200100000001000011000000100000000100000100022200000001000000000000000000110000000011001
00001000000000000011100100000000100001000002222222222201100000100001000000000010000000000000002222200000000000000000000000001000000001010000
00000010000000000100000000000000000100000002222022222210000000000000000010000000000000000000002222000011000010000000001000000100000000000001
00000100000000000000000000000000010000000010222222222010220220010000001000001000000000000000002222220220000000000000100000000000000000000000
00000000000000000110001001001000000000010002222222022022222221000000000000100000000220022000002222222222000001000010010100001000000000000000
00000000000000000000000100000000000000001222220220222222222222000000000000000000000222222222222222222222000010000000000001000000010000000000
00010000000000001000011000000000000022002222222000222222222222000001000000010000002222222222222222222220000000000100010100000101000100000000
10000000100000100000000000100000221022222222222222202222222220000010000000000000002222222222222222222220000001001001010000000000011000000000
00000000000000000000000000000002220022222222222222222222222222220000000000000000100222222222222222222200000010000000000000000000000000010000
00000000000000001010000001220002222222222222222222222222222222221102200022000000100222222222222222222222000100000000000000000000000100001010
00010000000000000000101000222222222222222202222222222222222222222222222222200010110222222222222222222222000000000100000100000000000010000000
00000000000000000000002222222222222222222222222222222222222222222222222222200000222222222202222022220220221002201000000000000000000000000000
00000000010000001000022222222222222222222222222220222222222222222222222222200220222222222222222222222222222202222000000000000000000000000000
01001000000000000000022222222222222222222222222222222222222222222222200222200220000222222222222222222222222202222000000010000011000000100010
00100000000000011000002222222222222222222222222222222222202222222222222220220222022222222222222222222222222222222200000000000000000010000000
10000100000100000000000222222222222202222222222220222222222222222222222222222222222222222222222222222222222222222222000000000000000000000010
00000000000001000001111222222222222222222222222222222222220222220222222222222222222222220220222222222222222222202222222221000000000000010000
00100000100110010100000222222220222222222222222222222222222222222222222222220222222222222222222222222222222222210222222221000101110101000010
10000011000000220001002222222222222222222222222222222222222222222222220222222222222222222222222222220220222222222222222000010000000000000010
00001001100222220220102222222222222222222222222222222222222222222202222222222222222222222222220222202222222220222222222200100000101000000000
00000000000222222222222222222222222222222222222222222222022222222222222222222222222222222222222222222222222222222222022200100010000000000010
00000000022220222222222222222222222222222222222222222222222222222222222222222222222222222222222222222222222222222222222220100000000010000000
00000001022222222222220222222222222222222222222220222222222222022222222222222222222222222222222222222222222222222222222220000110100000000000
00000000022222222222222222222222022022022220222222222222222222222222222222222222222222222222222222022202222222022222202222000000000010000001
00000002222222022220222222220222222222222222222222222222222222222222222222222222222222222222222222222222222222222222222222100000000110000000
01000112222222222222222222222222222222222222222200220222222222222222222222222222222222222222222222222222222222222222222222000022000000000000
10000000222222222222222222222222222222222222222222222222222222222222222220222222222222222222220222222222222222222222222222222222000000010000
00011000022022222222222222222222222222222222222222222222222222222222220222222222222222222222222222222222222222222022222222222222000000000000
00000010222222222222222222222222222220222222222222202222222222222222222222222222222222222222222222222222022222222222222222122222220000000000
00001002222222222222222222222222222222222222222222222222222222222222222220222222222222222222222202222022222222222222222222222222220000000000
00000102222202222222222222222222222222222222222222222222222222222222222222222222222222222222222222222222222222222222202222222222200000000000
00000000220222222222222222222222222222222222222222222222202222220222222022222222222222222222222222222222022222222222222222222222200000000000
00000000022222222222222222222222222222222222222222222222222222222222222222222222222222222222222222222222222222202222222222222222200000010000
000000010222222222222222220222222222222222022222222222222202222222222222222222202222222222222222222222222222*1222222222222222222200000000000
01000022022222222222222222222222222222222222222222222220222222222222222222222222222222222222222222222222222222222222221222222222210000001001
00001222222222222222222222222222222222222222222222222222222222222222222222222222222222222222222222222022022222222222222122222200000000100010
00000222222222222222222222222222222222222222222222222202222222222222222222222222222222222222222222222222222222222022022222222201000220000000
10000222222022222222222222222222222222222222222222222222222222222222222122222202222222222222222222222222222222222222222222022222210222110101
11000222222222222222222222222222222222222222222222222222222022222222222222222222222222222222222222222022022222222222222022222222222222000000
00000222222222222122222222222222222202202222222222222222222222222222222222222222222222222222222222222222222222222222220222222022022220000000
00000002222222202222222222222222022222222222222222222222222222222222222222222222222222222222222222212222222222222222222222222222222222201001
00100022222222222222222222222222222222222222222222222222222222222222222222222222222222222222222222222222222222222222222222222222200222200000
10000022222222222222222222222222222222222222222222222222222222222222222222222222222222222222222222222222222222222222222222222222222222221001
11100012222222222222222222222222222222222222222222222222222222222222222222222222222222222222222222222222222222222222222220222222222222220010
00000000222222222222222222222222222222222222222222222222122222222222220222222222222222222222222222222222222222222222222222222222222220100000
10001000222222222222222202222222222222222222222220222222222222222222222222222222222222222222222222222222222222222222222222222222222220010000
00000002220222222222222222202222222222222202222222222222222202222222222222222222222222222222222222222222222222222222222222222222222220000000
01000002222222222222222222222222222222222222222222222222222222222222222222222222222222222222220220222222222222222222222222222202222220000101
00001000222222222222220222222222022222222222222222222222222222222222222222222222222222222222222202222222222222222222222222222222220000010010
00000010012222220222222222222222222222222222222222222222221222222222222222222222222222222222222222222222222222222222222222222222222000010000
10000000002202222222222222222222222222222222222222222222222222222222222222222222220222222222222222222222222222222222222222222222222220100110
00000001012222222202202222222202222222222222222222222222222220222222222222222222222222222222222222222222222222222222222222222222222220000000
00000010002222222122222222222222222222212222222222222222222220222222222222222222222222202222222222222202222222222022022022022222222222000100
00000000000022222222222222222222222222022222222222222222222222222202222222222222222222220222222222222222222222222222222222222222222222000000
00010000000022222222222222222222222222222222022022222222022222222202202222222220222222222222222222222222222222222222222222222222222000000000
00010000000122222222222222212222222222222220122220222222222220222222222222122222222222222222222222222222222222222222222222222222222000000001
00001010000221222222222222221222202202220222222222222222222022222222222222222222222222022222222222222222222222222222222220220222220000000000
00100000000222222222222222222222222222222222222222221222222222222222002222222222222222222222222222222222222222222222222222222222220001000000
00010001000222222222222222222222222222222220222222222222222222222222022222222222222222222222222222222222222222222222022222222222201000000000
01001001010022222222222222222222222222222222222222222222222222202220022222222222222222222222222222022222222222222222222222221000001000000100
00000000000022222222222022222222122222222222222222222222222222222220000220022002222222202222222222222222222222222222222222221100000000010000
00000000010002222222222222222222222202222222222222222222222222222222000001001022220222222222222222222222222222222222222222220001000000000000
00000000000000220222222222222222222222222222222222222222222222222222100000022222222222222222222222222202222222222222222222220011000000100001
00000000010102222222222222222222220222222222222222222222222222220221000000022222222222222222220222222222222222222222222222220222210000000000
00000000100022222222222222222222222222222222222222222222222222210000000010012202222222222222222222222221222202202222222222222222210100001000
00000000100022222222222222222222222222222222222222222222222222201010010000102202222222222222222222222222222222222222222222222222210000100001
00000000000002222022022222222222220222222222222222222222222222210000000000000022222222222202222220220222222222222222222222222222000000001000
00001000001000122222222022222222222222222222222222222222222222220000000000000022222122222222222222222222222222222222222220222222222000000100
01010001000000000222222222222222222222222222222222222222022222220000000002222022222222222022222222222222222222222222222222222222222001000010
00000010000000022222222202222222222222222222222222222022222222100010000012222222222222222222222222222022222222222202222222222202222000000010
00010100100100122222222222222222222222222212202222222222222222000000000001022222222222222222222222222222222222222222222222222222222222000000
00000100000000022222222222222222222222222222222222222222222220000000101002222222222222222222222222222222222222222222222222202222222222000000
00000000000000222222222222222222222222222222222222222222222222101010010012222222222222222222222222222222222222222222222222222202200000000000
00000000000000222222222222222222222222222220222222222222222222000000100000222222222222222222222202222222222222222222222212222222220220010000
00101000002202222222222222222222222222222222222222222222222022000010000000222222222222222222222222222222222222222222222222222222222222000001
10100010022222222222202222022222222222222222222222222202222220000000100000222222222222202222222222222222222220222222222222222222222222220000
00000000022222222222222022222222222222222222222222222222222220000000000022000222222222222212222222202212222222222222222222222222222222220000
10000010000022222222222222222222222222222222222222222222222222222200000022200012222222222222222222222222220222222222222222222222222222220000
00100001000022222222222222222222222222222222222222222222222222222201000022222002222222222222222222222222222222222222222222222222222222000000
00000000011022222222222222222222222222222222222222202222222222222212200222222202222222220222202222222222222222222222222222222222222222201010
00011000010022222222222222222222022222222222222222222222222222222222222222222222222222222222222222222222222222222222222222222222222222200000
00000000001022022222202222222222222222022222222222222222222222222222222222222222222222222222222222222222222222222222222222222222220221001000
00000000000022222222222222202222222222222222222222222222222202222222222222222222222222222222222222222222222222222222222222222222022222000000
00000000000022222222222222222222122222222222222222222222222222222222002222222222222202222222222222222022222222222222222222222222222222010000
00000010102222222222222222222222222222222222222222222022222222222222222222222222222222222222222222222222222222222022222222222222222220220000
00000000002222222222022222202222222222222222222222222202222222222222222222222222222222222222222222022222222022222222222222022022022022220000
00000001000222222222222222222222222222222222222222222222222222222222222222222222222222222222222222222222222222222202202222222222222222222000
00000000022000222222222222222222222222222222222222202222222222202222222222222222222222222222222222222202222222222022022222222222222222222110
00000010022220222222220022222222222222222222222222222222222222222222222222222222222222222222222222221222220222222222222222222222222220001010
00001002222222222222220222222222222222222222222222222222222222222222222222222222222222222222220222222222222222222222222220222222222022022000
00100022222222222222222222222222222222220222222222222222222222222222222222222222222222222222222222222022222220222221222222222222222222222100
00000022222222222222222222222222222222222222222220220222222222222222202222222222222222212222222222202222222222220222222222222222222222222000
00010002222222222222022222222222222200222222222222222222202222220222222002222222222222222222222222222222222222222222222222222222022222222000
00000002222222222222222222222221220220222222222222222222222222222222222222222222222222222222222222222222222222222221222222222222222222222001
10001022222222222222222222222220220222222222222222222222222222222222222222222222222222222222220222222222222222222222222222222222222222222001
00000022222222202222222222222222222202222202222222222222222222222222222222222222222222222222222222222222222222222222222222222222222222222200
00000012222222222222222202222222222222222022222222222221222222222222222222222222222222222222222222222222222222222222222222222222222222222200
00000000002222022222022222222222222222222222220222222222222222222222222212222222222222222222202222022222222222220222222222222222222222222000
00000000000000022222222220220222222222222222222222222222222222222222202222222222222222222222222222222222222222222222222222222222222220220000
00000000000011022222222222222222222222222220222222222022222222222222222222220222222222222222222222222222222222222222222222222122222222000001
00000000000000122222222222222222222222222222222222222222222222222212222222222222222222222222222222222202222222222222222222222222222222000000
00000000000001220222222222222222222222222222222222222222222222222222222220222222222222222222022222222222022220222222222222220222220022010010
00000000000000222222222202222222222222222222222222222222222222222222222222222222222222222222222222222222222222222220220222222222220022000000
00001000000000222222222222222222222222222222222220222202222222222222202222222222222222222222222220222222222222222222222222222222010000000000
00000000000022220222222222222222222222222222222222222222222222222222222222222222222222222222222022222222222222222222222222122220000000000001
00000000002222222222022222222222222222222222220222222222222222222222222222222222222202222222222222222222222222222222222222222220000000001000
01011000002222222222222222222222222222222222222222222222222222222222222222222222222222222222222222222222222222222222222222222222100000000000
00000000102222222202222222222222222222222222202222222222202202222222222222222222222222222202222022222222222222222222222222222222000000001000
00000001002222222222222222222222222222222222222222222222022222222222222022222222222222222222222222222221220222222222222222222222000000000000
10000000000022222222222222222022222222222222222222222222222222222222222222222222222222222222222222022222222222220222222222200222000001000000
00100000000022022222222222222222222222222222222122222222222222222222222222222222222222222222022222222222222222222222220222220220000000000000
00000000000022022222222222222222222222222222222022222212222222222222222222222222222222222222222222222222222222222220222202220001000010000100
00000000000001022222222222222222222222222222222222222222222222222222222222222222222222222222222222022222222222222222222222200000000001100000
00000000000000002222222222222222222222202222222222222222222222222222222220222222222222222222222222222222222222222222222222200000000001000000
00000010000000022222220222222222222222222222222222222222222222222022222222222222222222222222222220222022222222222222222222222010000000000100
00000000000001022202222222222222222222222202222222222222222222222222222222222222222222222222222222222222222222222222222222222000000010000000
11000000000000000000222222222220222222222222222222222202222222222222222222222222222222220222222222222222222222222222222222220000000001000000
00000000000000000000022222222222222222222222222222022022222222222222222222222222222222220222222222222222222222222222222222220000000000000000
00000001000010001000000022022222222222222222222222222222202222022222222222222222222222222220222222222222222222222222222202220000000100000010
00000000000000000000000022022222222222222222222222222222222222222222222222222222222222222222222122222022222222222222000012220000000001000000
00000000000000000000000000022222222222222222212222222221222222222222222222222222222222220222222222222222222222222221222000000000000010000000
00000000000000010110000000022222222222222222222222222222222222022220222222222222222222222222222222022222222222222222222000000000000000000000
01000000100001010000101000002222222222222222222222220222222222222202222222222222022222222222222222222022222222222222222222000100001001000000
00000000100000000000000000002222222222222222222222222222222222222222222222222222222222222222222222222222222222222022222222200000010000000000
00000000000000000000100000001002222222222222222222222222222222222222222222222022222222222222222222222222222222222222002222200001000010110000
00001100100000000010000000000022222222222222222222222220222222222202222222222222022222222222222222222222222222222222002200000000000000000000
00000000000000100000000000000022200002222222222222222222222222000002222222222200022222222222222222222222202222022222200000010000000000000100
00000001000000000000100010000000000012200222222222222222000022000002222222220000000222222222222221222222222222222222201000000000000000000000
00000000000100000000100010000000000012202222222222222220000000000002222222220001000220000002222220222202222222222200100000000000000000000100
00000010000000000101000000001000001000102222222222222200000000000000022222220000000220000002222220222222222222222200000100000000000100010000
00000000010001000000001001000000000000001222222222222000100001100000022222220000000101000002222100222222222222222000000000000100000000000000
00000000000000100100000000000000000000000002222222222220000000000000012202200001000000000002210000002222221002222100000000010100000000000000
00000000000000000001000000001000000001010100222222222220000000000000000000000000000000000000000000000000220002222200000000000000000000000000
00000000000100000000000000000000000010000000222222202222200001000100100001101001000000000011000000001000100002222211001000000000001000000001
01000000000000000001000000000000000000000102222222202222210000000000000000000100000000000000110000000000000000022000100000010001000001001001
00000000000000000001000000110000000000000002222022202222100000000000000000001000100000000100000000000011000000001000000000100000100100000000
00010000000000110100000000000000001001001000010000012222000000000000001101001000010000000000000000000000001010000000000100000000000000000000
